1: [3 3 2.5]  mic[0.1 0.1 0.1,0.2 0.1 0.1] [0 0 0] 

2: [3 3 2.5]  mic[1.5 1.5 1.25,1.6 1.5 1.25] [0 0 0]

3: [3 3 2.5]  mic[2.8 2.8 2.3 , 2.8 2.9 2.3]   [0 0 0]

4: [3 3 2.5]  mic[1.25 1.25 0.6 , 1.25 1.25 0.7]  [2.9 2.9 2.4]

5: [3 3 2.5]  mic[2 2 1.5 , 2 2 1.6]  [1.5 1.5 1.25]

6: [3 3 2.5]  mic[0 1.5 2 , 0.1 1.5 2] [2.4 1.7 0.8]

7: [4 5 6]    mic[0.6 0.6 0.3 , 0.6 0.7 0.3] [3.5 1.5 4]

8: [4 5 6]    mic[0.3 0.6 1.5 , 0.4 0.6 1.5] [2.5 4 5]

9: [4 5 6]    mic[0 0 0 , 0.1 0 0]    [2.4 2.5 4]

10:[4 5 6]    mic[3.5 4.7 1.1 , 3.5 4.7 1.2] [0 0.1 0]

11:[4 5 6]    mic[2.7 1.4 3.6 , 2.7 1.5 3.6] [2.1 3 5]

12:[4 5 6]    mic[1.1 4.3 3.9 , 1.1 4.3 4] [0 4 2]

13:[6 6 6]    mic[0.5 1.1 5 , 0.5 1.1 5.1] [3.2 4.5 5.7]

